[GRASP]
width = 2064
height = 1544
left_margin = 688
top_margin = 444
right_margin = 1509
bottom_margin = 1064
max_distance = 1181
min_distance = 1090
dismiss_area_width = 100
hand_width = 48
plane_distance = 0.022
hand_h = 0.1

[CALIB]
tx = -0.474651352861443
ty = 0.2798040203549671
sx = 0.0006783468019137269
sy = 0.0006783468019137269
cz = 0.0543

[FORCE]
fx0 = 8158
fy0 = 8250
fz0 = 8546

[RECOVERY]
compressed_size = 250
cropped_size = 500
angle = 90

[ENV]
h_gripper = 0
h_table = 0
h_camera = 0

