[EXP]
exp_mode = 1

[IMAGE]
width = 2064
height = 1544
left_margin = 799
top_margin = 335
right_margin = 1645
bottom_margin = 1012
max_distance = 1182
min_distance = 1090

[GRASP]
hand_template_size = 500
finger_width = 10
finger_height = 30
gripper_width = 30
rotation_step = 45
depth_step = 50
hand_depth = 30
dismiss_area_width = 100

[CALIB]
tx = -0.474651352861443
ty = 0.2798040203549671
sx = 0.0006783468019137269
sy = 0.0006783468019137269
cz = 0.0543
plane_distance = 0.025

[FORCE]
fx0 = 8158
fy0 = 8250
fz0 = 8546

[RECOVERY]
compressed_size = 250
cropped_size = 500
angle = 90

