exp_mode: 0
depth_mode: bin
author: xinyi
height: 1544
width: 2064
obj_height: 8
table_distance: 1195
calibmat_path: /home/hlab/bpbot/data/calibration/calibmat.txt
pick:
  height:
    max: 0.06709354620032104
    min: -0.04951137539009487
  area:
    left: 765
    top: 339
    right: 1616
    bottom: 1053
drop:
  height:
    max: 0.04533891982656879
    min: 0.010372077580194539
  area:
    left: 1440
    top: 314
    right: 1902
    bottom: 824
graspability:
  rotation_step: 45.0
  depth_step: 10
  hand_depth: 25
hand:
  left:
    type: schunk
  right:
    type: smc_ft
tangle:
  compressed_size: 250
  len_thld: 15
  dist_thld: 3
  sliding_size: 225
  sliding_stride: 10
