1.1842378929335003e-16 -1.8947806286936005e-15 0.0
15
3.5 5.176317247812387 3.5
-18.6605 35.0 0.0
0.9914478565405387 0.0 0.0 -0.13050343965264466
0.965937704477657 0.2587747110295642 0.0
-0.2587747110295642 0.965937704477657 0.0
0.0 0.0 1.0
3.5 5.176728745066714 3.5
-13.6605 43.6605 0.0
0.9238795325112866 0.0 0.0 -0.3826834323650899
0.7071067811865474 0.7071067811865478 0.0
-0.7071067811865478 0.7071067811865474 0.0
0.0 0.0 1.0
3.5 5.176317247812387 3.5
-5.0 48.6605 0.0
0.7933393696992368 0.0 0.0 -0.6087796354061278
0.2587747110295645 0.965937704477657 0.0
-0.965937704477657 0.2587747110295645 0.0
0.0 0.0 1.0
3.5 5.176317247812387 3.5
5.0 48.6605 0.0
-0.6087796354061278 0.0 0.0 0.7933393696992368
-0.2587747110295644 0.965937704477657 0.0
-0.965937704477657 -0.2587747110295644 0.0
0.0 0.0 1.0
3.5 5.176728745066714 3.5
13.6605 43.6605 0.0
-0.3826834323650899 0.0 0.0 0.9238795325112866
-0.7071067811865475 0.7071067811865478 0.0
-0.7071067811865478 -0.7071067811865475 0.0
0.0 0.0 1.0
3.5 5.176317247812387 3.5
18.6605 35.0 0.0
-0.13050343965264466 0.0 0.0 0.9914478565405387
-0.9659377044776569 0.2587747110295642 0.0
-0.2587747110295642 -0.9659377044776569 0.0
0.0 0.0 1.0
3.5 5.176317247812387 3.5
18.6605 25.0 0.0
0.13050343965264466 0.0 0.0 0.9914478565405387
-0.9659377044776569 -0.2587747110295642 0.0
0.2587747110295642 -0.9659377044776569 0.0
0.0 0.0 1.0
3.5 26.457835153315173 3.5
0.0 0.0 0.0
0.349342421621445 0.0 0.0 0.9369951293660306
-0.7559197449113289 -0.6546642950804565 0.0
0.6546642950804565 -0.7559197449113289 0.0
0.0 0.0 1.0
3.5 5.176317247812387 3.5
-18.6605 -25.0 0.0
0.13050343965264466 0.0 0.0 0.9914478565405387
-0.9659377044776569 -0.2587747110295642 0.0
0.2587747110295642 -0.9659377044776569 0.0
0.0 0.0 1.0
3.5 5.176317247812387 3.5
-18.6605 -35.0 0.0
-0.13050343965264466 0.0 0.0 0.9914478565405387
-0.9659377044776569 0.2587747110295642 0.0
-0.2587747110295642 -0.9659377044776569 0.0
0.0 0.0 1.0
3.5 5.176728745066714 3.5
-13.6605 -43.6605 0.0
-0.3826834323650899 0.0 0.0 0.9238795325112866
-0.7071067811865475 0.7071067811865478 0.0
-0.7071067811865478 -0.7071067811865475 0.0
0.0 0.0 1.0
3.5 5.176317247812387 3.5
-5.0 -48.6605 0.0
-0.6087796354061278 0.0 0.0 0.7933393696992368
-0.2587747110295644 0.965937704477657 0.0
-0.965937704477657 -0.2587747110295644 0.0
0.0 0.0 1.0
3.5 5.176317247812387 3.5
5.0 -48.6605 0.0
0.7933393696992368 0.0 0.0 -0.6087796354061278
0.2587747110295645 0.965937704477657 0.0
-0.965937704477657 0.2587747110295645 0.0
0.0 0.0 1.0
3.5 5.176728745066714 3.5
13.6605 -43.6605 0.0
0.9238795325112866 0.0 0.0 -0.3826834323650899
0.7071067811865474 0.7071067811865478 0.0
-0.7071067811865478 0.7071067811865474 0.0
0.0 0.0 1.0
3.5 5.176317247812387 3.5
18.6605 -35.0 0.0
0.9914478565405387 0.0 0.0 -0.13050343965264466
0.965937704477657 0.2587747110295642 0.0
-0.2587747110295642 0.965937704477657 0.0
0.0 0.0 1.0
