0.0 5.412749999999999 0.0
8
4.0 25.0 4.0
-25.0 -25.0 0.0
0 0.924 0 0.383
0.7067583573638258 0.0 0.7074550334094646
0.0 -0.9999999999999999 0.0
0.7074550334094646 0.0 -0.7067583573638258
4.0 6.470428907730924 4.0
-23.325499999999998 6.25 0.0
0.991446638859856 0.0 0.0 -0.13051269016265993
0.9659328754130111 0.25879273598065394 0.0
-0.25879273598065394 0.9659328754130111 0.0
0.0 0.0 1.0
4.0 6.470734154638096 4.0
-17.075499999999998 17.075499999999998 0.0
0.9238795325112867 0.0 0.0 -0.3826834323650898
0.7071067811865476 0.7071067811865476 0.0
-0.7071067811865476 0.7071067811865476 0.0
0.0 0.0 1.0
4.0 6.470428907730924 4.0
-6.25 23.325499999999998 0.0
0.7933450497673298 0.0 0.0 -0.6087722332774985
0.2587927359806539 0.9659328754130111 0.0
-0.9659328754130111 0.2587927359806539 0.0
0.0 0.0 1.0
4.0 6.470428907730924 4.0
6.25 23.325499999999998 0.0
-0.6087722332774985 0.0 0.0 0.7933450497673298
-0.2587927359806539 0.9659328754130111 0.0
-0.9659328754130111 -0.2587927359806539 0.0
0.0 0.0 1.0
4.0 6.470734154638096 4.0
17.075499999999998 17.075499999999998 0.0
-0.3826834323650898 0.0 0.0 0.9238795325112867
-0.7071067811865475 0.7071067811865476 0.0
-0.7071067811865476 -0.7071067811865475 0.0
0.0 0.0 1.0
4.0 6.470428907730924 4.0
23.325499999999998 6.25 0.0
-0.13051269016265993 0.0 0.0 0.991446638859856
-0.965932875413011 0.25879273598065394 0.0
-0.25879273598065394 -0.965932875413011 0.0
0.0 0.0 1.0
4.0 25.0 4.0
25.0 -25.0 0.0
0 0.924 0 0.383
0.7067583573638258 0.0 0.7074550334094646
0.0 -0.9999999999999999 0.0
0.7074550334094646 0.0 -0.7067583573638258
