5.465713352000771e-16 -3.769230769230769 0.0
13
4.0 30.0 4.0
0.0 -49.0 0.0
1 0 0 0
1.0 0.0 0.0
0.0 1.0 0.0
0.0 0.0 1.0
4.0 4.917624324813761 4.0
-4.75 -17.727 0.0
0.7933677687811027 0.0 0.0 0.6087426249732268
0.25886483308141073 -0.9659135562739212 0.0
0.9659135562739212 0.25886483308141073 0.0
0.0 0.0 1.0
4.0 4.917220556371252 4.0
-12.977 -12.977 0.0
0.9238795325112867 0.0 0.0 0.3826834323650898
0.7071067811865476 -0.7071067811865476 0.0
0.7071067811865476 0.7071067811865476 0.0
0.0 0.0 1.0
4.0 4.917624324813761 4.0
-17.727 -4.75 0.0
0.9914417673958268 0.0 0.0 0.13054969116409068
0.9659135562739212 -0.2588648330814108 0.0
0.2588648330814108 0.9659135562739212 0.0
0.0 0.0 1.0
4.0 4.917624324813761 4.0
-17.727 4.75 0.0
0.9914417673958268 0.0 0.0 -0.13054969116409068
0.9659135562739212 0.2588648330814108 0.0
-0.2588648330814108 0.9659135562739212 0.0
0.0 0.0 1.0
4.0 4.917220556371252 4.0
-12.977 12.977 0.0
0.9238795325112867 0.0 0.0 -0.3826834323650898
0.7071067811865476 0.7071067811865476 0.0
-0.7071067811865476 0.7071067811865476 0.0
0.0 0.0 1.0
4.0 4.917624324813761 4.0
-4.75 17.727 0.0
0.7933677687811027 0.0 0.0 -0.6087426249732268
0.25886483308141073 0.9659135562739212 0.0
-0.9659135562739212 0.25886483308141073 0.0
0.0 0.0 1.0
4.0 4.917624324813761 4.0
4.75 17.727 0.0
-0.6087426249732268 0.0 0.0 0.7933677687811027
-0.25886483308141073 0.9659135562739212 0.0
-0.9659135562739212 -0.25886483308141073 0.0
0.0 0.0 1.0
4.0 4.917220556371252 4.0
12.977 12.977 0.0
-0.3826834323650898 0.0 0.0 0.9238795325112867
-0.7071067811865475 0.7071067811865476 0.0
-0.7071067811865476 -0.7071067811865475 0.0
0.0 0.0 1.0
4.0 4.917624324813761 4.0
17.727 4.75 0.0
-0.13054969116409068 0.0 0.0 0.9914417673958268
-0.9659135562739212 0.2588648330814108 0.0
-0.2588648330814108 -0.9659135562739212 0.0
0.0 0.0 1.0
4.0 4.917624324813761 4.0
17.727 -4.75 0.0
0.13054969116409068 0.0 0.0 0.9914417673958268
-0.9659135562739212 -0.2588648330814108 0.0
0.2588648330814108 -0.9659135562739212 0.0
0.0 0.0 1.0
4.0 4.917220556371252 4.0
12.977 -12.977 0.0
0.3826834323650898 0.0 0.0 0.9238795325112867
-0.7071067811865475 -0.7071067811865476 0.0
0.7071067811865476 -0.7071067811865475 0.0
0.0 0.0 1.0
4.0 4.917624324813761 4.0
4.75 -17.727 0.0
0.6087426249732268 0.0 0.0 0.7933677687811027
-0.25886483308141073 -0.9659135562739212 0.0
0.9659135562739212 -0.25886483308141073 0.0
0.0 0.0 1.0
