-15.0 -26.20525 1.875
8
3.5 5.176317247812387 3.5
-38.6605 -35.0 0.0
-0.13050343965264483 0.0 0.0 0.9914478565405387
-0.9659377044776569 0.2587747110295645 0.0
-0.2587747110295645 -0.9659377044776569 0.0
0.0 0.0 1.0
3.5 5.176728745066713 3.5
-33.6605 -43.6605 0.0
-0.3826834323650898 0.0 0.0 0.9238795325112867
-0.7071067811865475 0.7071067811865476 0.0
-0.7071067811865476 -0.7071067811865475 0.0
0.0 0.0 1.0
3.5 5.176317247812387 3.5
-25.0 -48.6605 0.0
-0.6087796354061278 0.0 0.0 0.7933393696992368
-0.2587747110295644 0.965937704477657 0.0
-0.965937704477657 -0.2587747110295644 0.0
0.0 0.0 1.0
3.5 5.176317247812387 3.5
-15.0 -48.6605 0.0
0.7933393696992368 0.0 0.0 -0.6087796354061278
0.2587747110295645 0.965937704477657 0.0
-0.965937704477657 0.2587747110295645 0.0
0.0 0.0 1.0
3.5 5.176728745066714 3.5
-6.3395 -43.6605 0.0
0.9238795325112867 0.0 0.0 -0.3826834323650898
0.7071067811865474 0.7071067811865476 0.0
-0.7071067811865476 0.7071067811865474 0.0
0.0 0.0 1.0
3.5 5.176317247812387 3.5
-1.3395 -35.0 0.0
0.9914478565405387 0.0 0.0 -0.13050343965264471
0.965937704477657 0.2587747110295643 0.0
-0.2587747110295643 0.965937704477657 0.0
0.0 0.0 1.0
3.5 35.0 3.5
0.0 5.0 0.0
1 0 0 0
1.0 0.0 0.0
0.0 1.0 0.0
0.0 0.0 1.0
3.5 15.0 3.5
0.0 40.0 15.0
0.7071067811865475 0.7071067811865475 0.0 0.0
1.0 0.0 0.0
0.0 0.0 -1.0
0.0 1.0 0.0
