1.5390952380952383 -20.880071428571426 0.0
21
3.5 5.176317247812387 3.5
-18.6605 -50.0 0.0
-0.13050343965264466 0.0 0.0 0.9914478565405387
-0.9659377044776569 0.2587747110295642 0.0
-0.2587747110295642 -0.9659377044776569 0.0
0.0 0.0 1.0
3.5 5.176728745066714 3.5
-13.6605 -58.6605 0.0
-0.3826834323650899 0.0 0.0 0.9238795325112866
-0.7071067811865475 0.7071067811865478 0.0
-0.7071067811865478 -0.7071067811865475 0.0
0.0 0.0 1.0
3.5 5.176317247812387 3.5
-5.0 -63.6605 0.0
-0.6087796354061278 0.0 0.0 0.7933393696992368
-0.2587747110295644 0.965937704477657 0.0
-0.965937704477657 -0.2587747110295644 0.0
0.0 0.0 1.0
3.5 5.176317247812387 3.5
5.0 -63.6605 0.0
0.7933393696992368 0.0 0.0 -0.6087796354061278
0.2587747110295645 0.965937704477657 0.0
-0.965937704477657 0.2587747110295645 0.0
0.0 0.0 1.0
3.5 5.176728745066714 3.5
13.6605 -58.6605 0.0
0.9238795325112866 0.0 0.0 -0.3826834323650899
0.7071067811865474 0.7071067811865478 0.0
-0.7071067811865478 0.7071067811865474 0.0
0.0 0.0 1.0
3.5 5.176317247812387 3.5
18.6605 -50.0 0.0
0.9914478565405387 0.0 0.0 -0.13050343965264466
0.965937704477657 0.2587747110295642 0.0
-0.2587747110295642 0.965937704477657 0.0
0.0 0.0 1.0
3.5 5.176317247812387 3.5
18.6605 -40.0 0.0
0.9914478565405387 0.0 0.0 0.13050343965264466
0.965937704477657 -0.2587747110295642 0.0
0.2587747110295642 0.965937704477657 0.0
0.0 0.0 1.0
3.5 5.176728745066716 3.5
13.6605 -31.3395 0.0
0.9238795325112867 0.0 0.0 0.3826834323650897
0.7071067811865475 -0.7071067811865475 0.0
0.7071067811865475 0.7071067811865475 0.0
0.0 0.0 1.0
3.5 11.261529247841963 3.5
0.0 -22.5 0.0
0.8543665068454329 0.0 0.0 0.5196709266263919
0.45988425603853456 -0.8879788685818395 0.0
0.8879788685818395 0.45988425603853456 0.0
0.0 0.0 1.0
3.5 5.176728745066716 3.5
-13.6605 -13.6605 0.0
0.9238795325112867 0.0 0.0 0.3826834323650897
0.7071067811865475 -0.7071067811865475 0.0
0.7071067811865475 0.7071067811865475 0.0
0.0 0.0 1.0
3.5 5.176317247812387 3.5
-18.6605 -5.0 0.0
0.9914478565405387 0.0 0.0 0.13050343965264466
0.965937704477657 -0.2587747110295642 0.0
0.2587747110295642 0.965937704477657 0.0
0.0 0.0 1.0
3.5 5.176317247812387 3.5
-18.6605 5.0 0.0
0.9914478565405387 0.0 0.0 -0.13050343965264466
0.965937704477657 0.2587747110295642 0.0
-0.2587747110295642 0.965937704477657 0.0
0.0 0.0 1.0
3.5 5.176728745066716 3.5
-13.6605 13.6605 0.0
0.9238795325112867 0.0 0.0 -0.3826834323650897
0.7071067811865475 0.7071067811865475 0.0
-0.7071067811865475 0.7071067811865475 0.0
0.0 0.0 1.0
3.5 5.176317247812387 3.5
-5.0 18.6605 0.0
0.7933393696992366 0.0 0.0 -0.6087796354061278
0.2587747110295642 0.965937704477657 0.0
-0.965937704477657 0.2587747110295642 0.0
0.0 0.0 1.0
3.5 5.176317247812387 3.5
5.0 18.6605 0.0
-0.6087796354061278 0.0 0.0 0.7933393696992366
-0.2587747110295642 0.965937704477657 0.0
-0.965937704477657 -0.2587747110295642 0.0
0.0 0.0 1.0
3.5 5.176728745066716 3.5
13.6605 13.6605 0.0
-0.3826834323650897 0.0 0.0 0.9238795325112867
-0.7071067811865475 0.7071067811865475 0.0
-0.7071067811865475 -0.7071067811865475 0.0
0.0 0.0 1.0
3.5 5.176317247812387 3.5
18.6605 5.0 0.0
-0.13050343965264466 0.0 0.0 0.9914478565405387
-0.9659377044776569 0.2587747110295642 0.0
-0.2587747110295642 -0.9659377044776569 0.0
0.0 0.0 1.0
3.5 5.176317247812387 3.5
18.6605 -5.0 0.0
0.13050343965264466 0.0 0.0 0.9914478565405387
-0.9659377044776569 -0.2587747110295642 0.0
0.2587747110295642 -0.9659377044776569 0.0
0.0 0.0 1.0
3.5 5.176728745066716 3.5
13.6605 -13.6605 0.0
0.3826834323650897 0.0 0.0 0.9238795325112867
-0.7071067811865475 -0.7071067811865475 0.0
0.7071067811865475 -0.7071067811865475 0.0
0.0 0.0 1.0
3.5 5.176317247812387 3.5
5.0 -18.6605 0.0
0.6087796354061278 0.0 0.0 0.7933393696992366
-0.2587747110295642 -0.965937704477657 0.0
0.965937704477657 -0.2587747110295642 0.0
0.0 0.0 1.0
3.5 5.176317247812387 3.5
-5.0 -18.6605 0.0
0.7933393696992366 0.0 0.0 0.6087796354061278
0.2587747110295642 -0.965937704477657 0.0
0.965937704477657 0.2587747110295642 0.0
0.0 0.0 1.0
