-7.894919286223335e-16 18.531333333333336 0.0
9
5.0 7.5 1.0
0.0 32.5 0.0
1 0 0 0
1.0 0.0 0.0
0.0 1.0 0.0
0.0 0.0 1.0
1.0 7.640689775799041 5.0
-38.5405 -7.5 0.0
0.9953860483034435 0.0 0.0 0.09595110652230542
0.9815867703142903 -0.1910167855031607 0.0
0.1910167855031607 0.9815867703142903 0.0
0.0 0.0 1.0
1.0 10.352763894245825 5.0
-37.320499999999996 10.0 0.0
0.9914448121998332 0.0 0.0 -0.13052656573294824
0.9659256312759248 0.2588197729003841 0.0
-0.2588197729003841 0.9659256312759248 0.0
0.0 0.0 1.0
1.0 10.352750383352241 5.0
-27.3205 27.3205 0.0
0.9238795325112867 0.0 0.0 -0.3826834323650898
0.7071067811865476 0.7071067811865476 0.0
-0.7071067811865476 0.7071067811865476 0.0
0.0 0.0 1.0
1.0 10.352763894245825 5.0
-10.0 37.320499999999996 0.0
0.7933535696334844 0.0 0.0 -0.6087611301239658
0.25881977290038405 0.9659256312759248 0.0
-0.9659256312759248 0.25881977290038405 0.0
0.0 0.0 1.0
1.0 10.352763894245825 5.0
10.0 37.320499999999996 0.0
-0.6087611301239658 0.0 0.0 0.7933535696334844
-0.25881977290038405 0.9659256312759248 0.0
-0.9659256312759248 -0.25881977290038405 0.0
0.0 0.0 1.0
1.0 10.352750383352241 5.0
27.3205 27.3205 0.0
-0.3826834323650898 0.0 0.0 0.9238795325112867
-0.7071067811865475 0.7071067811865476 0.0
-0.7071067811865476 -0.7071067811865475 0.0
0.0 0.0 1.0
1.0 10.352763894245825 5.0
37.320499999999996 10.0 0.0
-0.13052656573294824 0.0 0.0 0.9914448121998332
-0.9659256312759248 0.2588197729003841 0.0
-0.2588197729003841 -0.9659256312759248 0.0
0.0 0.0 1.0
1.0 7.640689775799041 5.0
38.5405 -7.5 0.0
0.09595110652230542 0.0 0.0 0.9953860483034435
-0.9815867703142902 -0.1910167855031607 0.0
0.1910167855031607 -0.9815867703142902 0.0
0.0 0.0 1.0
