9.110888888888887 -12.0 0.0
9
1.0 20.0 5.0
-15.0 20.0 0.0
1 0 0 0
1.0 0.0 0.0
0.0 1.0 0.0
0.0 0.0 1.0
1.0 15.0 5.0
0.0 40.0 0.0
0.7071067811865475 0.0 0.0 0.7071067811865475
0.0 -1.0 0.0
1.0 0.0 0.0
0.0 0.0 1.0
1.0 7.5 5.0
-7.5 0.0 0.0
-0.7071067811865475 0.0 0.0 0.7071067811865475
0.0 1.0 0.0
-1.0 0.0 0.0
0.0 0.0 1.0
1.0 7.246895904454541 5.0
7.0 -1.8755 0.0
-0.6087690609430912 0.0 0.0 0.7933474840436988
-0.25880046087693387 0.9659308057256931 0.0
-0.9659308057256931 -0.25880046087693387 0.0
0.0 0.0 1.0
1.0 7.247137400380925 5.0
19.124499999999998 -8.8755 0.0
-0.3826834323650897 0.0 0.0 0.9238795325112867
-0.7071067811865475 0.7071067811865475 0.0
-0.7071067811865475 -0.7071067811865475 0.0
0.0 0.0 1.0
1.0 7.246895904454541 5.0
26.124499999999998 -21.0 0.0
-0.13051665463515938 0.0 0.0 0.9914461169740122
-0.9659308057256932 0.258800460876934 0.0
-0.258800460876934 -0.9659308057256932 0.0
0.0 0.0 1.0
1.0 7.246895904454541 5.0
26.124499999999998 -35.0 0.0
0.13051665463515938 0.0 0.0 0.9914461169740122
-0.9659308057256932 -0.258800460876934 0.0
0.258800460876934 -0.9659308057256932 0.0
0.0 0.0 1.0
1.0 7.247137400380925 5.0
19.124499999999998 -47.1245 0.0
0.3826834323650897 0.0 0.0 0.9238795325112867
-0.7071067811865477 -0.7071067811865475 0.0
0.7071067811865475 -0.7071067811865477 0.0
0.0 0.0 1.0
1.0 7.246895904454541 5.0
7.0 -54.1245 0.0
0.6087690609430912 0.0 0.0 0.7933474840436988
-0.25880046087693387 -0.9659308057256931 0.0
0.9659308057256931 -0.25880046087693387 0.0
0.0 0.0 1.0
