-2.826626 -0.381156 8.376985
4
17.344079 5.136146 1.171349
-11.638131 0.000300 -43.810437
0.999981 0.000816 0.004759 0.003887
0.999924 -0.007766 0.009525
0.007782 0.999968 -0.001595
-0.009512 0.001669 0.999953
4.720305 5.624676 15.242209
-30.522952 -0.170641 -29.986604
0.997555 0.020769 0.046778 -0.047596
0.991093 0.096902 0.091351
-0.093016 0.994607 -0.045888
-0.095305 0.036983 0.994761
1.632938 5.305414 50.026588
6.876667 0.014010 5.188654
0.999481 0.002546 -0.000877 0.032107
0.997937 -0.064184 -0.001590
0.064175 0.997925 -0.005145
0.001917 0.005032 0.999986
15.896949 9.411850 14.270983
17.524884 -0.760979 43.312988
0.946521 0.015843 0.247977 -0.205803
0.792305 0.397451 0.462909
-0.381736 0.914788 -0.132060
-0.475951 -0.072077 0.876513
