-0.725736 3.035947 0.006989
4
20.776375 6.002046 5.031697
-20.660224 9.378913 0.025534
0.999488 -0.031438 -0.000104 0.005911
0.999930 -0.011810 -0.000579
0.011823 0.997953 0.062843
-0.000165 -0.062846 0.998023
5.191234 28.879333 5.059855
-40.002018 -15.952081 0.027844
0.966625 -0.001126 0.256167 -0.003570
0.868732 0.006326 0.495243
-0.007479 0.999972 0.000347
-0.495226 -0.004005 0.868755
21.993162 5.113996 5.073520
22.023720 10.126562 -0.015591
0.999579 -0.028914 0.002087 0.000840
0.999990 -0.001800 0.004124
0.001559 0.998327 0.057806
-0.004221 -0.057799 0.998319
5.745887 27.113467 5.173898
39.895975 -17.817790 0.002280
0.986330 -0.000790 0.164072 0.015231
0.945697 -0.030304 0.323634
0.029786 0.999535 0.006556
-0.323682 0.003440 0.946160
