0.049474 -5.366785 0.054968
4
4.413645 28.116579 4.422920
-24.729297 -35.390459 0.098158
0.952201 -0.003522 0.305435 -0.003273
0.813398 0.004082 0.581694
-0.008384 0.999954 0.004707
-0.581648 -0.008706 0.813394
7.467824 17.239693 5.040085
-13.966960 3.254544 -0.114160
0.941321 -0.050734 -0.015052 -0.333337
0.777320 0.629082 0.005486
-0.626027 0.772625 0.105549
0.062160 -0.085480 0.994399
8.744453 16.801589 4.337886
11.983074 4.038880 0.046566
0.949826 0.015187 -0.002278 0.312400
0.804802 -0.593521 0.005161
0.593383 0.804351 -0.030273
0.013816 0.027427 0.999528
4.405784 29.102127 4.190552
24.727138 -34.419663 0.058799
0.979634 -0.002579 0.200708 0.005226
0.919378 -0.011274 0.393214
0.009204 0.999932 0.007150
-0.393268 -0.002955 0.919419
