-10.606336 -0.091461 -5.891008
6
17.381370 5.109975 1.114611
-11.692125 0.004136 -43.813479
0.999983 -0.004606 -0.002038 -0.003024
0.999973 0.006066 -0.004048
-0.006028 0.999939 0.009224
0.004104 -0.009199 0.999949
1.632938 5.305414 50.026588
6.876667 0.014010 5.188654
0.999481 0.002546 -0.000877 0.032107
0.997937 -0.064184 -0.001590
0.064175 0.997925 -0.005145
0.001917 0.005032 0.999986
1.158409 5.245064 13.528443
-32.337103 0.001533 -28.247688
0.999943 -0.008840 -0.004672 -0.003658
0.999930 0.007399 -0.009278
-0.007234 0.999817 0.017712
0.009407 -0.017644 0.999800
4.844478 5.368626 3.996543
-32.012823 -0.264907 -42.275847
0.907815 0.162592 0.384719 0.037778
0.701128 0.056513 0.710792
0.193696 0.944273 -0.266140
-0.686222 0.324276 0.651110
1.000000 5.000000 13.998630
23.658825 0.000000 39.186867
1.000000 0.000000 0.000000 0.000000
1.000000 0.000000 0.000000
0.000000 1.000000 0.000000
0.000000 0.000000 1.000000
9.447661 5.925384 3.774572
15.591924 -0.232610 52.649522
0.996429 -0.061981 0.031910 -0.047636
0.993425 0.090976 0.069496
-0.098887 0.987778 0.120479
-0.057686 -0.126559 0.990280
